47213
9977
62746
23191
51744
1933
58905
59618
9490
81289
99718
67625
61592
81750
95312
2277
31160
87687
26967
19581
7005
49845
69798
4363
39763
31785
95784
23724
95202
46896
3092
99511
74272
42307
29258
46472
40115
69556
22744
2855
81109
34456
76120
31013
14039
46618
6040
33943
6261
39089
45950
91023
13640
56766
66824
97689
7206
16638
62395
34547
76425
69606
7899
81449
10092
3757
49384
66958
59319
932
75015
35581
2627
79795
57975
21817
9193
76742
26623
84846
92158
96512
28620
16322
60542
66341
56658
36383
76669
76100
25074
86980
99973
99898
29445
88156
95512
20444
4928
27888
