8
13
21
26
34
39
47
55
60
68
73
81
86
89
94
102
107
115
120
128
136
141
149
154
162
167
175
183
188
196
201
209
217
222
230
235
243
248
256
264
269
277
282
290
295
298
303
311
316
324
329
337
345
350
358
363
371
376
384
392
397
405
410
418
426
431
439
444
452
457
465
473
478
486
491
499
504
507
512
520
525
533
538
546
554
559
567
572
580
585
593
601
606
614
619
627
635
640
648
653
661
666
674
682
687
695
700
708
713
716
721
729
734
742
747
755
763
768
776
781
789
794
802
810
815
823
828
836
844
849
857
862
870
875
883
891
896
904
909
917
922
925
930
938
943
951
956
964
972
977
985
990
998
1003
1011
1019
1024
1032
1037
1045
1053
1058
1066
1071
1079
1084
1092
1100
1105
1113
1118
1126
1131
1134
1139
1147
1152
1160
1165
1173
1181
1186
1194
1199
1207
1212
1220
1228
1233
1241
1246
1254
1262
1267
1275
1280
1288
1293
1301
1309
1314
1322
1327
1335
1340
1343
1348
1356
1361
1369
1374
1382
1390
1395
1403
1408
1416
1421
1429
1437
1442
1450
1455
1463
1471
1476
1484
1489
1497
1502
1510
1518
1523
1531
1536
1544
1549
1552
1557
1565
1570
1578
1583
1591
1599
1604
1612
1617
1625
1630
1638
1646
1651
1659
1664
1672
1680
1685
1693
1698
1706
1711
1719
1727
1732
1740
1745
1753
1758
1761
1766
1774
1779
1787
1792
1800
1808
1813
1821
1826
1834
1839
1847
1855
1860
1868
1873
1881
1889
1894
1902
1907
1915
1920
1928
1936
1941
1949
1954
1962
1967
1970
1975
1983
1988
1996
2001
2009
2017
2022
2030
2035
2043
2048
2056
2064
2069
2077
2082
2090
2098
2103
2111
2116
2124
2129
2137
2145
2150
2158
2163
2171
2176
2179
2184
2192
2197
2205
2210
2218
2226
2231
2239
2244
2252
2257
2265
2273
2278
2286
2291
2299
2307
2312
2320
2325
2333
2338
2346
2354
2359
2367
2372
2380
2385
2388
2393
2401
2406
2414
2419
2427
2435
2440
2448
2453
2461
2466
2474
2482
2487
2495
2500
2508
2516
2521
2529
2534
2542
2547
2555
2563
2568
2576
2581
2589
2594
2597
2602
2610
2615
2623
2628
2636
2644
2649
2657
2662
2670
2675
2683
2691
2696
2704
2709
2717
2725
2730
2738
2743
2751
2756
2764
2772
2777
2785
2790
2798
2803
2806
2811
2819
2824
2832
2837
2845
2853
2858
2866
2871
2879
2884
2892
2900
2905
2913
2918
2926
2934
2939
2947
2952
2960
2965
2973
2981
2986
2994
2999
3007
3012
3015
3020
3028
3033
3041
3046
3054
3062
3067
3075
3080
3088
3093
3101
3109
3114
3122
3127
3135
3143
3148
3156
3161
3169
3174
3182
3190
3195
3203
3208
3216
3221
3229
3237
3242
3250
3255
3263
3271
3276
3284
3289
3297
3302
3310
3318
3323
3331
3336
3344
3352
3357
3365
3370
3378
3383
3391
3399
3404
3412
3417
3425
3430
3438
3446
3451
3459
3464
3472
3480
3485
3493
3498
3506
3511
3519
3527
3532
3540
3545
3553
3561
3566
3574
3579
3587
3592
3600
3608
3613
3621
3626
3634
3639
3647
3655
3660
3668
3673
3681
3689
3694
3702
3707
3715
3720
3728
3736
3741
3749
3754
3762
3770
3775
3783
3788
3796
3801
3809
3817
3822
3830
3835
3843
3848
3856
3864
3869
3877
3882
3890
3898
3903
3911
3916
3924
3929
3937
3945
3950
3958
3963
3971
3979
3984
3992
3997
4005
4010
4018
4026
4031
4039
4044
4052
4057
4065
4073
4078
4086
4091
4099
4107
4112
4120
4125
4133
4138
4146
4154
4159
4167
4172
4180
4188
4193
4201
4206
4214
4219
4227
4235
4240
4248
4253
4261
4266
4274
4282
4287
4295
4300
4308
4316
4321
4329
4334
4342
4347
4355
4363
4368
4376
4381
4389
4397
4402
4410
4415
4423
4428
4436
4444
4449
4457
4462
4470
4475
4483
4491
4496
4504
4509
4517
4525
4530
4538
4543
4551
4556
4564
4572
4577
4585
4590
4598
4606
4611
4619
4624
4632
4637
4645
4653
4658
4666
4671
4679
4684
4692
4700
4705
4713
4718
4726
4734
4739
4747
4752
4760
4765
4773
4781
4786
4794
4799
4807
4815
4820
4828
4833
4841
4846
4854
4862
4867
4875
4880
4888
4893
4901
4909
4914
4922
4927
4935
4943
4948
4956
4961
4969
4974
4982
4990
4995
5003
5008
5016
5024
5029
5037
5042
5050
5055
5063
5071
5076
5084
5089
5097
5102
5110
5118
5123
5131
5136
5144
5152
5157
5165
5170
5178
5183
5191
5199
5204
5212
5217
5225
5233
5238
5246
5251
5259
5264
5272
5280
5285
5293
5298
5306
5311
5319
5327
5332
5340
5345
5353
5361
5366
5374
5379
5387
5392
5400
5408
5413
5421
5426
5434
5442
5447
5455
5460
5468
5473
5481
5489
5494
5502
5507
5515
5520
5528
5536
5541
5549
5554
5562
5570
5575
5583
5588
5596
5601
5609
5617
5622
5630
5635
5643
5651
5656
5664
5669
5677
5682
5690
5698
5703
5711
5716
5724
5729
5737
5745
5750
5758
5763
5771
5779
5784
5792
5797
5805
5810
5818
5826
5831
5839
5844
5852
5860
5865
5873
5878
5886
5891
5899
5907
5912
5920
5925
5933
5938
5946
5954
5959
5967
5972
5980
5988
5993
6001
6006
6014
6019
6027
6035
6040
6048
6053
6061
6069
6074
6082
6087
6095
6100
6108
6116
6121
6129
6134
6142
6147
6155
6163
6168
6176
6181
6189
6197
6202
6210
6215
6223
6228
6236
6244
6249
6257
6262
6270
6278
6283
6291
6296
6304
6309
6317
6325
6330
6338
6343
6351
6356
6364
6372
6377
6385
6390
6398
6406
6411
6419
6424
6432
6437
6445
6453
6458
6466
6471
6479
6487
6492
6500
6505
6513
6518
6526
6534
6539
6547
6552
6560
6565
6573
6581
6586
6594
6599
6607
6615
6620
6628
6633
6641
6646
6654
6662
6667
6675
6680
6688
6696
6701
6709
6714
6722
6727
6735
6743
6748
6756
6761
6769
6774
6782
6790
6795
6803
6808
6816
6824
6829
6837
6842
6850
6855
6863
6871
6876
6884
6889
6897
6905
6910
6918
6923
6931
6936
6944
6952
6957
6965
6970
6978
6983
6991
6999
7004
7012
7017
7025
7033
7038
7046
7051
7059
7064
7072
7080
7085
7093
7098
7106
7114
7119
7127
7132
7140
7145
7153
7161
7166
7174
7179
7187
7192
7200
7208
7213
7221
7226
7234
7242
7247
7255
7260
7268
7273
7281
7289
7294
7302
7307
7315
7323
7328
7336
7341
7349
7354
7362
7370
7375
7383
7388
7396
7401
7409
7417
7422
7430
7435
7443
7451
7456
7464
7469
7477
7482
7490
7498
7503
7511
7516
7524
7532
7537
7545
7550
7558
7563
7571
7579
7584
7592
7597
7605
7610
7618
7626
7631
7639
7644
7652
7660
7665
7673
7678
7686
7691
7699
7707
7712
7720
7725
7733
7741
7746
7754
7759
7767
7772
7780
7788
7793
7801
7806
7814
7819
7827
7835
7840
7848
7853
7861
7869
7874
7882
7887
7895
7900
7908
7916
7921
7929
7934
7942
7947
7950
7955
7963
7968
7976
7981
7989
7997
8002
8010
8015
8023
8028
8036
8044
8049
8057
8062
8070
8078
8083
8091
8096
8104
8109
8117
8125
8130
8138
8143
8151
8156
8159
8164
8172
8177
8185
8190
8198
8206
8211
8219
8224
8232
8237
8245
8253
8258
8266
8271
8279
8287
8292
8300
8305
8313
8318
8326
8334
8339
8347
8352
8360
8365
8368
8373
8381
8386
8394
8399
8407
8415
8420
8428
8433
8441
8446
8454
8462
8467
8475
8480
8488
8496
8501
8509
8514
8522
8527
8535
8543
8548
8556
8561
8569
8574
8577
8582
8590
8595
8603
8608
8616
8624
8629
8637
8642
8650
8655
8663
8671
8676
8684
8689
8697
8705
8710
8718
8723
8731
8736
8744
8752
8757
8765
8770
8778
8783
8786
8791
8799
8804
8812
8817
8825
8833
8838
8846
8851
8859
8864
8872
8880
8885
8893
8898
8906
8914
8919
8927
8932
8940
8945
8953
8961
8966
8974
8979
8987
8992
8995
9000
9008
9013
9021
9026
9034
9042
9047
9055
9060
9068
9073
9081
9089
9094
9102
9107
9115
9123
9128
9136
9141
9149
9154
9162
9170
9175
9183
9188
9196
9201
9204
9209
9217
9222
9230
9235
9243
9251
9256
9264
9269
9277
9282
9290
9298
9303
9311
9316
9324
9332
9337
9345
9350
9358
9363
9371
9379
9384
9392
9397
9405
9410
9413
9418
9426
9431
9439
9444
9452
9460
9465
9473
9478
9486
9491
9499
9507
9512
9520
9525
9533
9541
9546
9554
9559
9567
9572
9580
9588
9593
9601
9606
9614
9619
9622
9627
9635
9640
9648
9653
9661
9669
9674
9682
9687
9695
9700
9708
9716
9721
9729
9734
9742
9750
9755
9763
9768
9776
9781
9789
9797
9802
9810
9815
9823
9828
9831
9836
9844
9849
9857
9862
9870
9878
9883
9891
9896
9904
9909
9917
9925
9930
9938
9943
9951
9959
9964
9972
9977
9985
9990
9998
9.80864191055
